Final Test Accuracy: 0.9014

Confusion Matrix:
[[1294    2   10    1    1    7   16    3    9    0]
 [   0 1537    4   10    3    5    2    4   35    0]
 [   4   15 1196   32   20    8   26   19   57    3]
 [   4   10   18 1290    1   38   11   14   36   11]
 [   3    3    7    7 1225    2   14    8   12   14]
 [   7   11    5   80   21 1031   39    8   64    7]
 [   3    4   11    2   11   15 1345    1    4    0]
 [   9    6   21    5   20    2    0 1415    9   16]
 [   5   25   12   46   11   24   19    9 1196   10]
 [   8   12    9   38   96    8    0  107   51 1091]]

Classification Report:
              precision    recall  f1-score   support

           0       0.97      0.96      0.97      1343
           1       0.95      0.96      0.95      1600
           2       0.92      0.87      0.89      1380
           3       0.85      0.90      0.88      1433
           4       0.87      0.95      0.91      1295
           5       0.90      0.81      0.85      1273
           6       0.91      0.96      0.94      1396
           7       0.89      0.94      0.92      1503
           8       0.81      0.88      0.85      1357
           9       0.95      0.77      0.85      1420

    accuracy                           0.90     14000
   macro avg       0.90      0.90      0.90     14000
weighted avg       0.90      0.90      0.90     14000
