Final Test Accuracy: 0.8919

Classification Report:
              precision    recall  f1-score   support

           0       0.98      0.96      0.97      1343
           1       0.96      0.96      0.96      1600
           2       0.88      0.90      0.89      1380
           3       0.82      0.91      0.86      1433
           4       0.82      0.95      0.88      1295
           5       0.87      0.84      0.85      1273
           6       0.94      0.96      0.95      1396
           7       0.85      0.95      0.90      1503
           8       0.90      0.78      0.84      1357
           9       0.95      0.69      0.80      1420

    accuracy                           0.89     14000
   macro avg       0.90      0.89      0.89     14000
weighted avg       0.90      0.89      0.89     14000
